0.00000000
0.17640000
0.34560000
0.50760000
0.66240000
0.81000000
0.95040000
1.08360000
1.20960000
1.32840000
1.44000000
1.54440000
1.64160000
1.73160000
1.81440000
1.89000000
1.95840000
2.01960000
2.07360000
2.12040000
2.16000000
2.19240000
2.21760000
2.23560000
2.24640000
2.25000000
2.24640000
2.23560000
2.21760000
2.19240000
2.16000000
2.12040000
2.07360000
2.01960000
1.95840000
1.89000000
1.81440000
1.73160000
1.64160000
1.54440000
1.44000000
1.32840000
1.20960000
1.08360000
0.95040000
0.81000000
0.66240000
0.50760000
0.34560000
0.17640000
0.00000000
