0.00000000
0.12566360
0.25132720
0.37699080
0.50265440
0.62831800
0.75398160
0.87964520
1.00530880
1.13097240
1.25663600
1.38229960
1.50796320
1.63362680
1.75929040
1.88495400
2.01061760
2.13628120
2.26194480
2.38760840
2.51327200
2.63893560
2.76459920
2.89026280
3.01592640
3.14159000
3.26725360
3.39291720
3.51858080
3.64424440
3.76990800
3.89557160
4.02123520
4.14689880
4.27256240
4.39822600
4.52388960
4.64955320
4.77521680
4.90088040
5.02654400
5.15220760
5.27787120
5.40353480
5.52919840
5.65486200
5.78052560
5.90618920
6.03185280
6.15751640
6.28318000
