0.00000000
0.07526401
0.14131202
0.19852805
0.24729609
0.28800013
0.32102418
0.34675223
0.36556828
0.37785634
0.38400040
0.38438446
0.37939251
0.36940857
0.35481661
0.33600066
0.31334470
0.28723273
0.25804876
0.22617677
0.19200078
0.15590478
0.11827277
0.07948874
0.03993671
0.00000066
-0.03993540
-0.07948747
-0.11827156
-0.15590366
-0.19199977
-0.22617590
-0.25804805
-0.28723221
-0.31334438
-0.33600057
-0.35481678
-0.36940900
-0.37939324
-0.38438550
-0.38400177
-0.37785805
-0.36557035
-0.34675467
-0.32102701
-0.28800335
-0.24729972
-0.19853209
-0.14131648
-0.07526889
-0.00000531
