0.00000000
0.07840000
0.15360000
0.22560000
0.29440000
0.36000000
0.42240000
0.48160000
0.53760000
0.59040000
0.64000000
0.68640000
0.72960000
0.76960000
0.80640000
0.84000000
0.87040000
0.89760000
0.92160000
0.94240000
0.96000000
0.97440000
0.98560000
0.99360000
0.99840000
1.00000000
0.99840000
0.99360000
0.98560000
0.97440000
0.96000000
0.94240000
0.92160000
0.89760000
0.87040000
0.84000000
0.80640000
0.76960000
0.72960000
0.68640000
0.64000000
0.59040000
0.53760000
0.48160000
0.42240000
0.36000000
0.29440000
0.22560000
0.15360000
0.07840000
0.00000000
