1.57079500
1.79525532
1.99800097
2.17993673
2.34196738
2.48499769
2.60993244
2.71767641
2.80913438
2.88521112
2.94681142
2.99484005
3.03020178
3.05380141
3.06654370
3.06933343
3.06307538
3.04867433
3.02703506
2.99906234
2.96566096
2.92773569
2.88619130
2.84193258
2.79586430
2.74889125
2.70191820
2.65584992
2.61159120
2.57004681
2.53212154
2.49872016
2.47074744
2.44910817
2.43470712
2.42844907
2.43123880
2.44398109
2.46758072
2.50294245
2.55097108
2.61257138
2.68864812
2.78010609
2.88785006
3.01278481
3.15581512
3.31784577
3.49978153
3.70252718
3.92698750
