0.00000000
0.09424770
0.18849540
0.28274310
0.37699080
0.47123850
0.56548620
0.65973390
0.75398160
0.84822930
0.94247700
1.03672470
1.13097240
1.22522010
1.31946780
1.41371550
1.50796320
1.60221090
1.69645860
1.79070630
1.88495400
1.97920170
2.07344940
2.16769710
2.26194480
2.35619250
2.45044020
2.54468790
2.63893560
2.73318330
2.82743100
2.92167870
3.01592640
3.11017410
3.20442180
3.29866950
3.39291720
3.48716490
3.58141260
3.67566030
3.76990800
3.86415570
3.95840340
4.05265110
4.14689880
4.24114650
4.33539420
4.42964190
4.52388960
4.61813730
4.71238500
