0.00000000
0.06531156
0.13544861
0.21021007
0.28939489
0.37280201
0.46023037
0.55147890
0.64634654
0.74463223
0.84613491
0.95065351
1.05798698
1.16793425
1.28029427
1.39486596
1.51144827
1.62984014
1.74984050
1.87124829
1.99386245
2.11748193
2.24190564
2.36693255
2.49236158
2.61799167
2.74362176
2.86905078
2.99407769
3.11850141
3.24212088
3.36473504
3.48614284
3.60614320
3.72453506
3.84111737
3.95568907
4.06804908
4.17799635
4.28532982
4.38984843
4.49135111
4.58963680
4.68450444
4.77575296
4.86318132
4.94658844
5.02577326
5.10053473
5.17067177
5.23598333
