0.00000000
0.06157516
0.12063706
0.17718568
0.23122102
0.28274310
0.33175190
0.37824744
0.42222970
0.46369868
0.50265440
0.53909684
0.57302602
0.60444192
0.63334454
0.65973390
0.68360998
0.70497280
0.72382234
0.74015860
0.75398160
0.76529132
0.77408778
0.78037096
0.78414086
0.78539750
0.78414086
0.78037096
0.77408778
0.76529132
0.75398160
0.74015860
0.72382234
0.70497280
0.68360998
0.65973390
0.63334454
0.60444192
0.57302602
0.53909684
0.50265440
0.46369868
0.42222970
0.37824744
0.33175190
0.28274310
0.23122102
0.17718568
0.12063706
0.06157516
0.00000000
